12
12
5
11
14
16
30
25
10
10
16
19
49
20
12
12
12
19
5
25
12
50
20
25
20
25
19
7
10
9
17
8
8
23
17
30
50
8
10
40
5
8
10
10
12
5
30
25
12
50
20
25
20
25
19
7
10
9
17
8
8
23
17
30
50
8
10
40
5
8
10
10
16
19
49
20
12
5
30
25
12
50
20
25
20
25
19
7
10
9
17
8
8
23
17
30
50
8
10
40
5
8
10
10
16
19
49
20
12
12
12
19
12
12
12
19
16
19
49
20
12
12
50
20
25
20
25
19
7
10
9
17
8
8
23
17
30
50
8
10
40
5
8
10
10
16
19
49
20
12
12
12
19
5
30
25
12
50
20
25
20
25
19
7
10
9
17
8
8
23
17
30
50
8
10
40
5
8
10
10
12
5
30
25
12
50
20
25
20
25
19
7
10
9
17
8
8
23
17
30
50
8
10
40
5
8
10
10
16
19
49
20
12
5
30
25
12
50
20
25
20
25
19
7
10
9
17
8
8
23
17
30
50
8
10
40
5
8
10
10
16
19
49
20
12
12
12
19
12
12
12
19
16
19
49
20
12
12
12
19
12
12
19
12
35
